,Unnamed: 0,Dni od zakupu,Marka,Wiek kupującego,Płeć kupującego,Ocena
0,0,6,Beko,33.0,bd.,1.0
1,1,7,Electrolux,28.0,bd.,3.5
2,2,3,Beko,30.0,bd.,2.5
3,3,6,Electrolux,40.0,bd.,3.5
4,4,4,Dyson,44.0,bd.,2.0
5,5,3,Tefal,31.0,bd.,5.0
6,6,4,Beko,40.0,bd.,3.0
7,7,13,Electrolux,21.0,bd.,3.0
8,8,6,Tefal,45.0,bd.,1.5
9,9,3,Samsung,53.0,bd.,3.0
10,10,6,Dyson,41.0,bd.,3.0
11,11,6,Electrolux,37.0,K,1.0
12,12,6,Beko,35.0,bd.,1.5
13,13,7,Tefal,51.0,M,1.5
14,14,11,Tefal,42.0,bd.,3.0
15,15,8,Electrolux,40.0,bd.,5.0
16,16,10,Dyson,54.0,bd.,2.5
17,17,10,Dyson,50.0,bd.,4.0
18,18,11,Electrolux,34.0,M,3.0
19,19,2,Tefal,45.0,bd.,3.0
20,20,9,Beko,31.0,bd.,2.5
21,21,7,Electrolux,47.0,bd.,4.5
22,22,9,Beko,37.0,bd.,2.0
23,23,7,Dyson,33.0,M,2.5
24,24,9,Beko,39.0,bd.,4.5
25,25,10,Dyson,43.0,bd.,2.5
26,26,5,Beko,36.0,M,3.0
27,27,6,Dyson,44.0,bd.,2.5
29,29,8,Beko,49.0,M,3.0
30,30,6,Tefal,25.0,M,2.5
31,31,2,Tefal,62.0,M,5.0
32,32,4,Dyson,44.0,M,3.0
33,33,7,Tefal,37.0,M,1.5
35,35,8,Beko,23.0,bd.,2.5
36,36,9,Tefal,48.0,bd.,2.0
37,37,8,Dyson,36.0,bd.,2.0
38,38,6,Beko,27.0,M,2.5
39,39,6,Electrolux,41.0,M,2.0
40,40,2,Dyson,50.0,bd.,2.0
41,41,8,Electrolux,38.0,bd.,2.5
42,42,10,Electrolux,27.0,bd.,2.5
43,43,9,Electrolux,41.0,M,3.0
44,44,9,Beko,31.0,bd.,2.0
47,47,9,Electrolux,46.0,bd.,1.0
48,48,3,Electrolux,35.0,M,3.0
49,49,3,Beko,39.0,M,3.0
50,50,12,Beko,38.0,bd.,4.0
51,51,9,Tefal,38.0,bd.,2.0
52,52,6,Tefal,38.0,M,1.0
53,53,10,Tefal,39.0,bd.,1.5
54,54,7,Tefal,23.0,bd.,1.5
55,55,5,Electrolux,46.0,bd.,2.0
56,56,10,Tefal,61.0,bd.,1.0
57,57,8,Dyson,44.0,M,3.0
58,58,7,Tefal,45.0,M,3.5
59,59,6,Beko,34.0,bd.,3.5
60,60,5,Beko,44.0,bd.,1.5
61,61,10,Electrolux,40.0,bd.,2.5
62,62,5,Beko,43.0,M,2.5
63,63,9,Tefal,38.0,bd.,3.0
64,64,10,Tefal,39.0,bd.,4.0
65,65,4,Tefal,36.0,bd.,2.0
66,66,5,Beko,36.0,M,2.0
67,67,6,Electrolux,35.0,bd.,2.5
68,68,5,Electrolux,32.0,bd.,2.0
69,69,6,Tefal,34.0,bd.,2.0
70,70,6,Tefal,30.0,M,3.0
71,71,7,Electrolux,24.0,bd.,2.5
72,72,7,Dyson,55.0,bd.,2.5
73,73,6,Electrolux,51.0,bd.,2.0
74,74,6,Electrolux,27.0,M,3.5
75,75,7,Tefal,27.0,K,2.0
76,76,5,Beko,20.0,bd.,2.5
77,77,8,Dyson,32.0,bd.,2.0
79,79,7,Dyson,47.0,bd.,5.0
80,80,12,Tefal,41.0,bd.,1.5
81,81,8,Dyson,60.0,M,2.5
82,82,8,Beko,42.0,M,2.5
83,83,9,Tefal,29.0,bd.,1.0
84,84,4,Electrolux,38.0,bd.,3.0
85,85,5,Electrolux,37.0,M,3.0
86,86,5,Electrolux,40.0,bd.,1.0
87,87,5,Electrolux,25.0,M,3.5
88,88,7,Dyson,45.0,bd.,3.0
89,89,9,Samsung,30.0,M,1.0
90,90,10,Tefal,48.0,bd.,2.0
91,91,6,Electrolux,53.0,bd.,2.5
92,92,5,Tefal,49.0,M,2.0
93,93,5,Tefal,41.0,bd.,2.5
94,94,7,Electrolux,30.0,M,3.0
96,96,13,Tefal,31.0,bd.,2.5
97,97,7,Electrolux,44.0,M,2.0
98,98,7,Electrolux,47.0,bd.,2.0
99,99,5,Dyson,26.0,M,0.5
100,100,6,Dyson,51.0,bd.,1.5
101,101,8,Electrolux,50.0,bd.,2.0
102,102,6,Beko,40.0,M,2.5
103,103,5,Dyson,26.0,bd.,2.5
104,104,10,Tefal,46.0,bd.,4.5
105,105,8,Tefal,35.0,bd.,3.5
106,106,10,Tefal,42.0,M,2.0
107,107,13,Electrolux,41.0,M,2.0
108,108,6,Beko,45.0,M,1.5
109,109,3,Beko,42.0,bd.,2.5
110,110,9,Electrolux,41.0,M,2.0
111,111,4,Dyson,31.0,bd.,1.5
112,112,7,Electrolux,67.0,bd.,0.5
113,113,6,Samsung,50.0,bd.,4.0
114,114,9,Tefal,47.0,K,1.0
115,115,4,Beko,37.0,bd.,4.0
116,116,6,Tefal,29.0,bd.,0.5
118,118,3,Electrolux,45.0,K,2.5
119,119,8,Electrolux,27.0,bd.,2.0
120,120,8,Electrolux,37.0,bd.,1.0
121,121,5,Dyson,46.0,bd.,3.5
122,122,4,Dyson,47.0,M,3.5
123,123,9,Tefal,35.0,M,2.5
124,124,8,Beko,48.0,M,1.5
125,125,5,Beko,36.0,M,4.0
126,126,4,Dyson,39.0,M,2.5
127,127,4,Electrolux,60.0,M,0.5
128,128,9,Tefal,49.0,M,2.0
129,129,4,Beko,27.0,M,1.0
130,130,10,Tefal,51.0,M,2.5
132,132,10,Beko,45.0,bd.,2.0
133,133,4,Electrolux,20.0,bd.,2.5
134,134,9,Tefal,48.0,M,3.0
135,135,5,Electrolux,40.0,bd.,2.5
136,136,7,Tefal,46.0,bd.,1.5
137,137,6,Beko,31.0,bd.,1.5
138,138,6,Dyson,43.0,bd.,3.0
139,139,15,Electrolux,53.0,M,3.0
140,140,8,Dyson,51.0,K,4.0
141,141,3,Samsung,34.0,M,4.0
142,142,0,Beko,39.0,M,3.0
143,143,6,Tefal,47.0,bd.,3.0
144,144,6,Electrolux,50.0,M,1.5
145,145,5,Samsung,48.0,bd.,2.0
146,146,9,Dyson,61.0,bd.,2.0
147,147,5,Electrolux,35.0,M,1.5
148,148,11,Electrolux,36.0,M,2.5
149,149,9,Dyson,49.0,M,2.0
150,150,9,Beko,51.0,bd.,3.5
151,151,3,Beko,39.0,bd.,3.0
152,152,10,Electrolux,46.0,bd.,2.5
153,153,6,Dyson,38.0,M,3.0
154,154,7,Samsung,48.0,bd.,5.0
155,155,11,Electrolux,51.0,bd.,3.0
157,157,5,Electrolux,44.0,bd.,2.0
158,158,4,Dyson,49.0,bd.,1.0
159,159,6,Beko,44.0,bd.,3.5
160,160,7,Dyson,30.0,bd.,2.5
161,161,11,Samsung,31.0,bd.,1.5
162,162,3,Beko,42.0,M,2.0
164,164,6,Electrolux,35.0,bd.,1.5
166,166,7,Electrolux,59.0,bd.,1.5
167,167,5,Dyson,38.0,M,3.0
168,168,5,Beko,46.0,bd.,1.0
169,169,2,Beko,37.0,bd.,2.5
170,170,10,Beko,51.0,bd.,3.0
172,172,7,Electrolux,38.0,bd.,2.5
173,173,7,Tefal,55.0,bd.,4.5
174,174,8,Electrolux,21.0,bd.,2.5
175,175,7,Tefal,27.0,M,4.0
176,176,5,Beko,30.0,bd.,4.0
177,177,9,Electrolux,40.0,bd.,2.5
178,178,5,Electrolux,52.0,bd.,3.5
179,179,9,Electrolux,34.0,M,2.5
180,180,11,Electrolux,33.0,M,2.0
181,181,6,Dyson,25.0,K,2.5
182,182,5,Tefal,47.0,bd.,2.5
184,184,10,Beko,31.0,M,2.0
185,185,7,Beko,41.0,bd.,3.5
186,186,6,Beko,40.0,bd.,4.0
187,187,8,Tefal,37.0,bd.,2.5
188,188,6,Tefal,49.0,K,2.0
189,189,8,Beko,54.0,bd.,2.5
190,190,7,Tefal,51.0,M,2.0
192,192,6,Electrolux,42.0,bd.,2.5
193,193,10,Dyson,32.0,bd.,5.0
194,194,6,Dyson,32.0,bd.,3.0
195,195,5,Tefal,32.0,bd.,1.5
196,196,9,Tefal,34.0,bd.,2.5
198,198,9,Tefal,37.0,M,2.5
199,199,7,Tefal,63.0,bd.,2.5
200,200,6,Electrolux,46.0,bd.,2.0
201,201,8,Beko,43.0,bd.,4.0
202,202,9,Electrolux,36.0,M,5.0
203,203,4,Tefal,52.0,bd.,0.5
204,204,7,Electrolux,34.0,bd.,2.5
205,205,5,Electrolux,46.0,bd.,3.0
206,206,9,Beko,38.0,M,5.0
207,207,4,Electrolux,58.0,M,2.5
208,208,11,Tefal,46.0,M,2.5
209,209,9,Electrolux,27.0,M,4.0
210,210,5,Dyson,36.0,M,4.0
211,211,12,Dyson,55.0,bd.,3.5
213,213,11,Dyson,53.0,bd.,1.0
214,214,3,Samsung,41.0,M,3.0
215,215,4,Dyson,41.0,bd.,2.0
216,216,8,Dyson,24.0,bd.,1.5
217,217,3,Dyson,43.0,M,3.0
218,218,9,Electrolux,45.0,bd.,4.0
221,221,7,Electrolux,47.0,bd.,0.0
222,222,6,Beko,53.0,bd.,2.0
223,223,6,Beko,35.0,M,2.5
224,224,4,Electrolux,53.0,M,3.0
225,225,6,Tefal,34.0,M,2.0
226,226,6,Dyson,29.0,M,2.5
227,227,3,Dyson,49.0,M,2.5
228,228,5,Beko,25.0,M,2.5
229,229,5,Beko,55.0,M,1.5
230,230,11,Dyson,34.0,M,1.5
231,231,7,Beko,40.0,bd.,2.5
232,232,8,Electrolux,39.0,bd.,2.5
233,233,9,Dyson,34.0,M,4.0
234,234,8,Beko,38.0,M,3.5
235,235,4,Electrolux,50.0,K,3.0
236,236,5,Electrolux,46.0,M,2.0
238,238,10,Tefal,41.0,M,2.5
239,239,5,Tefal,36.0,M,3.0
240,240,2,Beko,48.0,bd.,2.5
241,241,7,Tefal,44.0,M,3.0
242,242,6,Tefal,44.0,bd.,2.0
243,243,6,Dyson,37.0,M,4.5
244,244,10,Tefal,53.0,bd.,2.0
245,245,3,Tefal,45.0,bd.,3.0
246,246,6,Dyson,43.0,M,2.0
247,247,5,Tefal,57.0,M,2.5
248,248,6,Beko,25.0,bd.,1.5
250,250,6,Dyson,33.0,M,3.5
251,251,6,Electrolux,46.0,M,1.5
252,252,7,Electrolux,47.0,bd.,2.0
253,253,11,Dyson,22.0,M,2.0
254,254,5,Electrolux,36.0,bd.,2.5
255,255,8,Electrolux,47.0,bd.,3.5
256,256,4,Electrolux,32.0,M,1.0
257,257,3,Beko,48.0,bd.,5.0
258,258,6,Dyson,36.0,M,3.5
260,260,4,Electrolux,47.0,bd.,4.5
262,262,9,Tefal,39.0,bd.,4.0
264,264,7,Dyson,30.0,K,5.0
265,265,8,Electrolux,30.0,bd.,4.0
266,266,16,Tefal,36.0,bd.,1.5
267,267,8,Beko,35.0,M,2.5
269,269,7,Beko,45.0,M,2.5
270,270,6,Dyson,47.0,M,3.0
271,271,9,Beko,33.0,M,2.0
272,272,5,Beko,53.0,bd.,4.0
273,273,7,Beko,32.0,bd.,3.5
274,274,9,Beko,34.0,bd.,2.0
275,275,6,Tefal,45.0,M,2.0
276,276,6,Beko,63.0,M,1.5
277,277,6,Samsung,42.0,bd.,3.5
278,278,7,Electrolux,39.0,bd.,2.0
279,279,6,Beko,33.0,bd.,2.5
280,280,13,Electrolux,46.0,M,4.5
281,281,11,Tefal,34.0,bd.,0.5
282,282,9,Electrolux,39.0,bd.,2.5
283,283,6,Electrolux,42.0,bd.,2.5
284,284,8,Electrolux,37.0,M,3.5
285,285,6,Beko,32.0,M,5.0
286,286,10,Electrolux,32.0,bd.,2.5
288,288,7,Electrolux,50.0,bd.,3.0
289,289,8,Tefal,47.0,M,3.0
290,290,3,Beko,48.0,M,0.0
291,291,9,Beko,45.0,bd.,3.5
292,292,4,Dyson,28.0,bd.,4.0
294,294,7,Tefal,58.0,M,2.5
295,295,8,Dyson,38.0,M,2.5
296,296,8,Tefal,53.0,M,3.5
300,300,4,Dyson,43.0,bd.,3.5
301,301,11,Dyson,48.0,bd.,1.0
302,302,5,Beko,27.0,bd.,3.0
303,303,6,Electrolux,31.0,bd.,2.0
304,304,5,Beko,44.0,K,2.5
305,305,8,Electrolux,45.0,bd.,2.5
306,306,7,Beko,44.0,bd.,2.5
307,307,8,Electrolux,54.0,bd.,1.5
308,308,6,Beko,25.0,M,0.0
309,309,6,Tefal,42.0,bd.,4.0
310,310,6,Beko,38.0,M,4.5
311,311,9,Electrolux,38.0,bd.,3.0
312,312,9,Tefal,38.0,bd.,1.5
314,314,3,Tefal,42.0,bd.,3.0
316,316,4,Beko,25.0,bd.,2.5
318,318,6,Tefal,71.0,bd.,3.5
319,319,8,Electrolux,35.0,bd.,0.5
320,320,5,Dyson,36.0,bd.,2.5
321,321,8,Dyson,19.0,M,3.5
322,322,10,Tefal,28.0,bd.,2.5
323,323,5,Electrolux,38.0,M,4.5
324,324,8,Dyson,44.0,bd.,5.0
325,325,9,Beko,49.0,M,4.0
326,326,7,Electrolux,31.0,bd.,1.5
327,327,5,Beko,51.0,bd.,2.5
328,328,9,Tefal,52.0,K,1.5
329,329,4,Dyson,41.0,K,3.5
330,330,6,Electrolux,51.0,bd.,1.5
331,331,8,Tefal,36.0,M,3.5
332,332,9,Beko,47.0,M,1.0
333,333,10,Beko,43.0,bd.,3.5
334,334,6,Beko,40.0,M,1.5
335,335,8,Tefal,49.0,M,1.0
336,336,6,Beko,33.0,bd.,2.5
337,337,9,Tefal,47.0,bd.,5.0
338,338,3,Beko,37.0,M,2.0
339,339,8,Dyson,45.0,M,1.5
340,340,7,Electrolux,20.0,bd.,1.5
341,341,9,Dyson,36.0,bd.,2.0
342,342,6,Dyson,50.0,M,2.5
343,343,6,Electrolux,40.0,bd.,0.5
344,344,8,Beko,33.0,M,1.5
345,345,6,Dyson,47.0,M,3.0
346,346,5,Electrolux,36.0,bd.,1.5
347,347,5,Dyson,53.0,M,1.5
349,349,8,Dyson,34.0,bd.,1.5
350,350,5,Electrolux,29.0,M,1.0
351,351,8,Dyson,48.0,bd.,2.0
352,352,9,Samsung,39.0,bd.,1.5
353,353,8,Samsung,38.0,M,4.0
354,354,6,Dyson,60.0,M,2.5
355,355,5,Dyson,50.0,M,2.5
356,356,6,Electrolux,39.0,bd.,1.5
357,357,8,Beko,54.0,M,1.5
358,358,7,Electrolux,25.0,K,2.0
359,359,7,Tefal,31.0,M,3.5
360,360,7,Electrolux,47.0,bd.,4.0
361,361,9,Beko,22.0,M,2.0
362,362,7,Tefal,46.0,bd.,2.0
363,363,11,Dyson,40.0,M,3.0
364,364,3,Beko,35.0,M,1.5
365,365,7,Electrolux,31.0,bd.,1.5
367,367,6,Beko,45.0,bd.,1.5
368,368,6,Dyson,32.0,M,2.5
369,369,11,Beko,30.0,M,3.5
370,370,6,Samsung,47.0,bd.,1.5
371,371,5,Beko,45.0,bd.,1.5
372,372,4,Tefal,42.0,bd.,2.0
373,373,7,Electrolux,42.0,bd.,2.5
374,374,7,Tefal,44.0,M,3.5
375,375,9,Dyson,47.0,M,1.5
376,376,11,Dyson,41.0,bd.,4.0
377,377,2,Dyson,33.0,bd.,3.5
378,378,12,Samsung,52.0,bd.,2.0
379,379,9,Beko,41.0,bd.,1.5
380,380,3,Tefal,40.0,bd.,2.5
381,381,8,Dyson,52.0,M,2.0
382,382,11,Electrolux,49.0,M,0.5
383,383,8,Beko,49.0,bd.,0.5
384,384,5,Beko,38.0,M,4.5
385,385,9,Dyson,44.0,M,1.0
386,386,4,Beko,30.0,M,3.0
387,387,7,Electrolux,37.0,bd.,1.0
388,388,3,Beko,41.0,bd.,3.0
389,389,7,Electrolux,39.0,bd.,3.5
390,390,13,Electrolux,35.0,M,2.0
391,391,7,Beko,37.0,bd.,2.0
392,392,4,Dyson,30.0,bd.,2.5
393,393,5,Tefal,44.0,bd.,2.5
394,394,8,Electrolux,54.0,bd.,2.5
395,395,11,Tefal,32.0,M,3.0
396,396,11,Electrolux,41.0,bd.,3.0
397,397,5,Beko,27.0,bd.,2.0
398,398,8,Beko,34.0,M,2.0
399,399,10,Beko,34.0,M,3.5
400,400,6,Electrolux,35.0,M,3.5
401,401,10,Dyson,39.0,bd.,2.0
402,402,6,Dyson,42.0,M,4.5
403,403,12,Tefal,53.0,M,2.0
404,404,3,Beko,36.0,M,3.0
405,405,11,Electrolux,19.0,M,3.0
406,406,7,Dyson,59.0,M,0.5
407,407,9,Electrolux,40.0,bd.,4.0
408,408,2,Tefal,54.0,bd.,1.0
409,409,9,Electrolux,44.0,M,2.5
410,410,4,Electrolux,53.0,bd.,1.5
411,411,8,Tefal,37.0,M,2.0
413,413,5,Electrolux,48.0,bd.,2.5
414,414,10,Beko,24.0,M,3.0
415,415,9,Electrolux,52.0,M,0.5
416,416,8,Dyson,43.0,bd.,1.5
417,417,7,Electrolux,39.0,bd.,2.0
418,418,8,Beko,52.0,bd.,2.5
420,420,6,Beko,32.0,bd.,3.0
421,421,5,Beko,35.0,bd.,2.0
422,422,11,Electrolux,36.0,M,2.5
423,423,8,Beko,45.0,M,1.5
424,424,7,Dyson,30.0,M,3.5
425,425,5,Tefal,30.0,bd.,2.5
426,426,5,Dyson,39.0,bd.,5.0
427,427,5,Dyson,27.0,bd.,1.0
428,428,6,Beko,41.0,bd.,4.0
429,429,7,Electrolux,34.0,bd.,2.0
432,432,7,Tefal,48.0,bd.,1.5
433,433,8,Beko,20.0,bd.,2.5
434,434,5,Beko,45.0,bd.,2.0
435,435,7,Dyson,43.0,bd.,4.0
436,436,8,Tefal,49.0,M,5.0
437,437,5,Beko,28.0,bd.,3.0
438,438,4,Beko,54.0,bd.,2.0
439,439,6,Tefal,42.0,M,2.5
440,440,10,Electrolux,26.0,M,2.5
441,441,11,Samsung,52.0,bd.,0.5
442,442,8,Dyson,50.0,bd.,3.5
443,443,4,Electrolux,39.0,M,2.5
445,445,8,Electrolux,41.0,K,2.0
446,446,6,Tefal,37.0,bd.,3.5
447,447,14,Electrolux,48.0,M,1.5
448,448,5,Dyson,62.0,bd.,2.0
449,449,9,Beko,33.0,bd.,3.5
450,450,6,Tefal,32.0,bd.,0.5
451,451,6,Electrolux,34.0,bd.,2.0
452,452,8,Beko,47.0,bd.,1.5
453,453,9,Dyson,30.0,bd.,3.0
454,454,8,Beko,32.0,M,2.0
455,455,10,Samsung,40.0,bd.,2.0
457,457,12,Electrolux,41.0,M,1.5
458,458,6,Electrolux,62.0,K,1.0
460,460,6,Electrolux,40.0,M,2.5
461,461,8,Dyson,44.0,M,1.0
462,462,6,Beko,38.0,M,2.5
463,463,5,Dyson,34.0,bd.,0.5
464,464,8,Tefal,45.0,M,2.0
465,465,3,Electrolux,43.0,M,1.0
466,466,4,Electrolux,31.0,bd.,1.5
467,467,4,Beko,56.0,M,3.5
469,469,2,Electrolux,29.0,bd.,3.0
470,470,6,Beko,30.0,M,2.0
471,471,4,Tefal,39.0,bd.,3.0
472,472,10,Electrolux,60.0,bd.,4.5
473,473,8,Beko,42.0,M,3.0
474,474,9,Beko,31.0,bd.,3.0
475,475,11,Electrolux,25.0,bd.,2.5
477,477,10,Dyson,55.0,bd.,4.0
478,478,6,Dyson,47.0,bd.,3.5
479,479,8,Dyson,40.0,bd.,1.0
480,480,5,Electrolux,36.0,M,1.0
481,481,6,Tefal,56.0,M,4.0
482,482,5,Electrolux,33.0,bd.,1.0
483,483,2,Tefal,32.0,bd.,2.5
485,485,8,Tefal,46.0,M,1.5
486,486,4,Tefal,38.0,M,1.5
487,487,6,Electrolux,24.0,M,2.5
488,488,7,Electrolux,49.0,bd.,3.0
489,489,15,Tefal,48.0,bd.,3.5
491,491,5,Dyson,49.0,bd.,2.0
492,492,9,Tefal,40.0,M,2.5
493,493,5,Tefal,33.0,M,2.0
494,494,8,Electrolux,38.0,bd.,2.5
495,495,3,Electrolux,46.0,M,3.0
496,496,6,Beko,42.0,M,2.5
497,497,8,Tefal,43.0,bd.,0.0
498,498,10,Dyson,35.0,M,2.0
500,500,1,Dyson,32.0,bd.,3.0
501,501,10,Tefal,33.0,M,1.0
502,502,8,Dyson,72.0,M,1.0
503,503,8,Dyson,22.0,M,2.5
504,504,3,Samsung,39.0,bd.,1.0
505,505,6,Dyson,40.0,bd.,1.5
506,506,9,Beko,50.0,bd.,3.5
507,507,15,Beko,38.0,K,4.0
508,508,12,Tefal,41.0,bd.,2.5
509,509,5,Tefal,30.0,bd.,2.0
511,511,8,Tefal,43.0,M,3.0
512,512,6,Beko,39.0,bd.,3.5
513,513,10,Dyson,31.0,bd.,2.5
515,515,6,Tefal,36.0,bd.,2.5
517,517,9,Tefal,35.0,M,2.5
518,518,9,Dyson,42.0,M,1.5
519,519,3,Dyson,53.0,M,2.5
520,520,5,Tefal,53.0,M,2.5
522,522,8,Beko,34.0,M,3.5
523,523,9,Beko,59.0,M,1.5
524,524,5,Tefal,44.0,M,2.5
525,525,6,Dyson,28.0,bd.,2.0
526,526,7,Beko,46.0,bd.,3.0
528,528,5,Electrolux,46.0,M,4.5
530,530,9,Electrolux,28.0,M,1.0
531,531,7,Electrolux,27.0,bd.,3.0
532,532,9,Tefal,40.0,M,2.0
533,533,8,Electrolux,52.0,bd.,4.0
534,534,9,Tefal,56.0,bd.,5.0
535,535,4,Samsung,30.0,bd.,3.5
536,536,5,Tefal,32.0,bd.,3.5
537,537,9,Electrolux,46.0,M,4.5
538,538,3,Beko,50.0,bd.,3.0
539,539,8,Tefal,35.0,M,1.5
540,540,5,Dyson,23.0,bd.,4.0
542,542,4,Dyson,49.0,M,1.5
543,543,3,Samsung,26.0,M,2.5
544,544,3,Beko,38.0,bd.,1.5
545,545,9,Beko,37.0,bd.,5.0
546,546,6,Dyson,32.0,M,0.5
547,547,6,Electrolux,32.0,bd.,2.0
548,548,6,Electrolux,52.0,bd.,1.5
549,549,6,Tefal,35.0,M,2.5
550,550,4,Beko,53.0,bd.,1.5
551,551,2,Electrolux,39.0,bd.,1.5
552,552,9,Tefal,35.0,M,4.5
554,554,3,Samsung,56.0,bd.,3.5
555,555,7,Beko,69.0,M,1.5
556,556,3,Tefal,46.0,bd.,3.5
557,557,9,Dyson,38.0,bd.,4.5
558,558,8,Dyson,40.0,M,3.0
559,559,8,Dyson,28.0,bd.,1.5
560,560,5,Samsung,41.0,K,3.0
561,561,5,Beko,22.0,bd.,2.5
562,562,5,Beko,40.0,M,3.0
563,563,9,Electrolux,26.0,bd.,2.5
564,564,8,Dyson,41.0,M,1.5
565,565,7,Dyson,37.0,bd.,3.0
566,566,7,Tefal,42.0,bd.,2.0
567,567,6,Dyson,43.0,M,3.0
568,568,10,Beko,21.0,M,2.0
569,569,6,Beko,28.0,bd.,3.0
570,570,9,Dyson,44.0,bd.,4.5
571,571,8,Tefal,44.0,bd.,2.5
572,572,1,Beko,40.0,M,5.0
573,573,4,Dyson,43.0,M,3.0
574,574,9,Beko,53.0,bd.,2.0
575,575,3,Beko,57.0,M,2.5
576,576,3,Dyson,34.0,bd.,2.0
577,577,7,Tefal,55.0,M,1.0
578,578,7,Beko,39.0,M,5.0
580,580,6,Tefal,35.0,M,2.0
581,581,12,Beko,38.0,bd.,3.0
582,582,11,Samsung,52.0,bd.,3.0
583,583,8,Beko,49.0,M,1.0
584,584,6,Beko,39.0,K,2.5
585,585,3,Beko,50.0,bd.,1.0
586,586,8,Electrolux,27.0,M,2.5
588,588,2,Beko,43.0,bd.,1.0
589,589,13,Electrolux,25.0,M,1.5
590,590,6,Tefal,50.0,M,4.5
591,591,11,Dyson,39.0,bd.,1.5
592,592,11,Samsung,45.0,K,2.0
593,593,7,Electrolux,40.0,K,3.0
594,594,10,Electrolux,58.0,bd.,4.0
595,595,14,Electrolux,31.0,M,2.0
597,597,8,Electrolux,39.0,bd.,1.0
598,598,5,Electrolux,47.0,K,2.5
599,599,7,Dyson,39.0,bd.,2.0
