,Unnamed: 0,Dni od zakupu,Marka,Wiek kupującego,Płeć kupującego,Ocena
11,11,6,Electrolux,37.0,K,1.0
13,13,7,Tefal,51.0,M,1.5
18,18,11,Electrolux,34.0,M,3.0
23,23,7,Dyson,33.0,M,2.5
26,26,5,Beko,36.0,M,3.0
29,29,8,Beko,49.0,M,3.0
30,30,6,Tefal,25.0,M,2.5
31,31,2,Tefal,62.0,M,5.0
32,32,4,Dyson,44.0,M,3.0
33,33,7,Tefal,37.0,M,1.5
38,38,6,Beko,27.0,M,2.5
39,39,6,Electrolux,41.0,M,2.0
43,43,9,Electrolux,41.0,M,3.0
46,46,5,Electrolux,,M,0.0
48,48,3,Electrolux,35.0,M,3.0
49,49,3,Beko,39.0,M,3.0
52,52,6,Tefal,38.0,M,1.0
57,57,8,Dyson,44.0,M,3.0
58,58,7,Tefal,45.0,M,3.5
62,62,5,Beko,43.0,M,2.5
66,66,5,Beko,36.0,M,2.0
70,70,6,Tefal,30.0,M,3.0
74,74,6,Electrolux,27.0,M,3.5
75,75,7,Tefal,27.0,K,2.0
81,81,8,Dyson,60.0,M,2.5
82,82,8,Beko,42.0,M,2.5
85,85,5,Electrolux,37.0,M,3.0
87,87,5,Electrolux,25.0,M,3.5
89,89,9,Samsung,30.0,M,1.0
92,92,5,Tefal,49.0,M,2.0
94,94,7,Electrolux,30.0,M,3.0
95,95,6,Electrolux,,M,2.5
97,97,7,Electrolux,44.0,M,2.0
99,99,5,Dyson,26.0,M,0.5
102,102,6,Beko,40.0,M,2.5
106,106,10,Tefal,42.0,M,2.0
107,107,13,Electrolux,41.0,M,2.0
108,108,6,Beko,45.0,M,1.5
110,110,9,Electrolux,41.0,M,2.0
114,114,9,Tefal,47.0,K,1.0
117,117,12,Electrolux,,K,2.0
118,118,3,Electrolux,45.0,K,2.5
122,122,4,Dyson,47.0,M,3.5
123,123,9,Tefal,35.0,M,2.5
124,124,8,Beko,48.0,M,1.5
125,125,5,Beko,36.0,M,4.0
126,126,4,Dyson,39.0,M,2.5
127,127,4,Electrolux,60.0,M,0.5
128,128,9,Tefal,49.0,M,2.0
129,129,4,Beko,27.0,M,1.0
130,130,10,Tefal,51.0,M,2.5
134,134,9,Tefal,48.0,M,3.0
139,139,15,Electrolux,53.0,M,3.0
140,140,8,Dyson,51.0,K,4.0
141,141,3,Samsung,34.0,M,4.0
142,142,0,Beko,39.0,M,3.0
144,144,6,Electrolux,50.0,M,1.5
147,147,5,Electrolux,35.0,M,1.5
148,148,11,Electrolux,36.0,M,2.5
149,149,9,Dyson,49.0,M,2.0
153,153,6,Dyson,38.0,M,3.0
156,156,7,Electrolux,,M,4.0
162,162,3,Beko,42.0,M,2.0
165,165,7,Electrolux,,M,0.0
167,167,5,Dyson,38.0,M,3.0
171,171,8,Beko,,M,3.5
175,175,7,Tefal,27.0,M,4.0
179,179,9,Electrolux,34.0,M,2.5
180,180,11,Electrolux,33.0,M,2.0
181,181,6,Dyson,25.0,K,2.5
183,183,3,Electrolux,,M,1.5
184,184,10,Beko,31.0,M,2.0
188,188,6,Tefal,49.0,K,2.0
190,190,7,Tefal,51.0,M,2.0
197,197,6,Beko,,M,2.0
198,198,9,Tefal,37.0,M,2.5
202,202,9,Electrolux,36.0,M,5.0
206,206,9,Beko,38.0,M,5.0
207,207,4,Electrolux,58.0,M,2.5
208,208,11,Tefal,46.0,M,2.5
209,209,9,Electrolux,27.0,M,4.0
210,210,5,Dyson,36.0,M,4.0
212,212,6,Beko,,M,3.0
214,214,3,Samsung,41.0,M,3.0
217,217,3,Dyson,43.0,M,3.0
219,219,7,Electrolux,,M,2.0
220,220,3,Beko,,M,1.0
223,223,6,Beko,35.0,M,2.5
224,224,4,Electrolux,53.0,M,3.0
225,225,6,Tefal,34.0,M,2.0
226,226,6,Dyson,29.0,M,2.5
227,227,3,Dyson,49.0,M,2.5
228,228,5,Beko,25.0,M,2.5
229,229,5,Beko,55.0,M,1.5
230,230,11,Dyson,34.0,M,1.5
233,233,9,Dyson,34.0,M,4.0
234,234,8,Beko,38.0,M,3.5
235,235,4,Electrolux,50.0,K,3.0
236,236,5,Electrolux,46.0,M,2.0
237,237,5,Samsung,,M,4.0
238,238,10,Tefal,41.0,M,2.5
239,239,5,Tefal,36.0,M,3.0
241,241,7,Tefal,44.0,M,3.0
243,243,6,Dyson,37.0,M,4.5
246,246,6,Dyson,43.0,M,2.0
247,247,5,Tefal,57.0,M,2.5
250,250,6,Dyson,33.0,M,3.5
251,251,6,Electrolux,46.0,M,1.5
253,253,11,Dyson,22.0,M,2.0
256,256,4,Electrolux,32.0,M,1.0
258,258,6,Dyson,36.0,M,3.5
261,261,4,Dyson,,M,2.0
263,263,8,Dyson,,M,1.0
264,264,7,Dyson,30.0,K,5.0
267,267,8,Beko,35.0,M,2.5
268,268,8,Tefal,,M,2.0
269,269,7,Beko,45.0,M,2.5
270,270,6,Dyson,47.0,M,3.0
271,271,9,Beko,33.0,M,2.0
275,275,6,Tefal,45.0,M,2.0
276,276,6,Beko,63.0,M,1.5
280,280,13,Electrolux,46.0,M,4.5
284,284,8,Electrolux,37.0,M,3.5
285,285,6,Beko,32.0,M,5.0
289,289,8,Tefal,47.0,M,3.0
290,290,3,Beko,48.0,M,0.0
293,293,8,Beko,,M,3.5
294,294,7,Tefal,58.0,M,2.5
295,295,8,Dyson,38.0,M,2.5
296,296,8,Tefal,53.0,M,3.5
299,299,10,Electrolux,,M,3.0
304,304,5,Beko,44.0,K,2.5
308,308,6,Beko,25.0,M,0.0
310,310,6,Beko,38.0,M,4.5
317,317,6,Beko,,M,4.0
321,321,8,Dyson,19.0,M,3.5
323,323,5,Electrolux,38.0,M,4.5
325,325,9,Beko,49.0,M,4.0
328,328,9,Tefal,52.0,K,1.5
329,329,4,Dyson,41.0,K,3.5
331,331,8,Tefal,36.0,M,3.5
332,332,9,Beko,47.0,M,1.0
334,334,6,Beko,40.0,M,1.5
335,335,8,Tefal,49.0,M,1.0
338,338,3,Beko,37.0,M,2.0
339,339,8,Dyson,45.0,M,1.5
342,342,6,Dyson,50.0,M,2.5
344,344,8,Beko,33.0,M,1.5
345,345,6,Dyson,47.0,M,3.0
347,347,5,Dyson,53.0,M,1.5
348,348,4,Tefal,,M,3.5
350,350,5,Electrolux,29.0,M,1.0
353,353,8,Samsung,38.0,M,4.0
354,354,6,Dyson,60.0,M,2.5
355,355,5,Dyson,50.0,M,2.5
357,357,8,Beko,54.0,M,1.5
358,358,7,Electrolux,25.0,K,2.0
359,359,7,Tefal,31.0,M,3.5
361,361,9,Beko,22.0,M,2.0
363,363,11,Dyson,40.0,M,3.0
364,364,3,Beko,35.0,M,1.5
368,368,6,Dyson,32.0,M,2.5
369,369,11,Beko,30.0,M,3.5
374,374,7,Tefal,44.0,M,3.5
375,375,9,Dyson,47.0,M,1.5
381,381,8,Dyson,52.0,M,2.0
382,382,11,Electrolux,49.0,M,0.5
384,384,5,Beko,38.0,M,4.5
385,385,9,Dyson,44.0,M,1.0
386,386,4,Beko,30.0,M,3.0
390,390,13,Electrolux,35.0,M,2.0
395,395,11,Tefal,32.0,M,3.0
398,398,8,Beko,34.0,M,2.0
399,399,10,Beko,34.0,M,3.5
400,400,6,Electrolux,35.0,M,3.5
402,402,6,Dyson,42.0,M,4.5
403,403,12,Tefal,53.0,M,2.0
404,404,3,Beko,36.0,M,3.0
405,405,11,Electrolux,19.0,M,3.0
406,406,7,Dyson,59.0,M,0.5
409,409,9,Electrolux,44.0,M,2.5
411,411,8,Tefal,37.0,M,2.0
414,414,10,Beko,24.0,M,3.0
415,415,9,Electrolux,52.0,M,0.5
419,419,10,Samsung,,M,3.5
422,422,11,Electrolux,36.0,M,2.5
423,423,8,Beko,45.0,M,1.5
424,424,7,Dyson,30.0,M,3.5
436,436,8,Tefal,49.0,M,5.0
439,439,6,Tefal,42.0,M,2.5
440,440,10,Electrolux,26.0,M,2.5
443,443,4,Electrolux,39.0,M,2.5
444,444,8,Samsung,,M,3.0
445,445,8,Electrolux,41.0,K,2.0
447,447,14,Electrolux,48.0,M,1.5
454,454,8,Beko,32.0,M,2.0
457,457,12,Electrolux,41.0,M,1.5
458,458,6,Electrolux,62.0,K,1.0
460,460,6,Electrolux,40.0,M,2.5
461,461,8,Dyson,44.0,M,1.0
462,462,6,Beko,38.0,M,2.5
464,464,8,Tefal,45.0,M,2.0
465,465,3,Electrolux,43.0,M,1.0
467,467,4,Beko,56.0,M,3.5
468,468,9,Tefal,,M,3.5
470,470,6,Beko,30.0,M,2.0
473,473,8,Beko,42.0,M,3.0
480,480,5,Electrolux,36.0,M,1.0
481,481,6,Tefal,56.0,M,4.0
484,484,5,Beko,,M,1.0
485,485,8,Tefal,46.0,M,1.5
486,486,4,Tefal,38.0,M,1.5
487,487,6,Electrolux,24.0,M,2.5
492,492,9,Tefal,40.0,M,2.5
493,493,5,Tefal,33.0,M,2.0
495,495,3,Electrolux,46.0,M,3.0
496,496,6,Beko,42.0,M,2.5
498,498,10,Dyson,35.0,M,2.0
499,499,10,Samsung,,M,1.5
501,501,10,Tefal,33.0,M,1.0
502,502,8,Dyson,72.0,M,1.0
503,503,8,Dyson,22.0,M,2.5
507,507,15,Beko,38.0,K,4.0
511,511,8,Tefal,43.0,M,3.0
516,516,6,Tefal,,M,1.5
517,517,9,Tefal,35.0,M,2.5
518,518,9,Dyson,42.0,M,1.5
519,519,3,Dyson,53.0,M,2.5
520,520,5,Tefal,53.0,M,2.5
522,522,8,Beko,34.0,M,3.5
523,523,9,Beko,59.0,M,1.5
524,524,5,Tefal,44.0,M,2.5
528,528,5,Electrolux,46.0,M,4.5
530,530,9,Electrolux,28.0,M,1.0
532,532,9,Tefal,40.0,M,2.0
537,537,9,Electrolux,46.0,M,4.5
539,539,8,Tefal,35.0,M,1.5
542,542,4,Dyson,49.0,M,1.5
543,543,3,Samsung,26.0,M,2.5
546,546,6,Dyson,32.0,M,0.5
549,549,6,Tefal,35.0,M,2.5
552,552,9,Tefal,35.0,M,4.5
553,553,10,Electrolux,,M,2.5
555,555,7,Beko,69.0,M,1.5
558,558,8,Dyson,40.0,M,3.0
560,560,5,Samsung,41.0,K,3.0
562,562,5,Beko,40.0,M,3.0
564,564,8,Dyson,41.0,M,1.5
567,567,6,Dyson,43.0,M,3.0
568,568,10,Beko,21.0,M,2.0
572,572,1,Beko,40.0,M,5.0
573,573,4,Dyson,43.0,M,3.0
575,575,3,Beko,57.0,M,2.5
577,577,7,Tefal,55.0,M,1.0
578,578,7,Beko,39.0,M,5.0
579,579,9,Beko,,M,1.5
580,580,6,Tefal,35.0,M,2.0
583,583,8,Beko,49.0,M,1.0
584,584,6,Beko,39.0,K,2.5
586,586,8,Electrolux,27.0,M,2.5
589,589,13,Electrolux,25.0,M,1.5
590,590,6,Tefal,50.0,M,4.5
592,592,11,Samsung,45.0,K,2.0
593,593,7,Electrolux,40.0,K,3.0
595,595,14,Electrolux,31.0,M,2.0
598,598,5,Electrolux,47.0,K,2.5
